cpu  1720592 41239 97999 1688335633 262229 4974 11617 0
cpu0 5441 916 2311 105636962 8794 1 8 0
cpu1 249042 5147 18392 105263933 114985 531 2856 0
cpu2 308858 2612 2396 105325507 14779 111 592 0
cpu3 233928 3033 2872 105405367 4812 3692 1127 0
cpu4 4314 1028 2203 105640628 6582 2 14 0
cpu5 7379 987 1638 105642988 1773 2 4 0
cpu6 947 697 831 105650004 2250 2 13 0
cpu7 1390 444 2737 105649965 178 1 0 0
cpu8 4570 1310 2168 105635081 7429 53 3666 0
cpu9 254890 11709 18048 105293680 75046 117 1144 0
cpu10 366449 1508 3880 105268628 13042 349 770 0
cpu11 195242 5045 2881 105444248 6121 98 966 0
cpu12 3536 395 1981 105646277 2380 2 1 0
cpu13 47563 5477 8759 105589342 2968 1 430 0
cpu14 5188 724 1215 105646754 629 2 1 0
cpu15 31849 199 25679 105596261 452 2 17 0
intr 1143482039 1056638607 3 0 727 4 0 0 0 1 0 0 0 4 0 0 0 0 0 0 0 0 0 0 0 0 0 0 0 0 0 0 0 0 0 0 0 0 0 0 0 0 0 0 0 0 0 0 0 0 0 43 0 0 0 0 0 0 0 0 0 0 0 0 0 0 0 4470644 528289 0 0 0 0 0 0 0 528289 0 0 0 0 0 0 0 528289 0 0 0 0 0 0 1928910 528289 0 0 0 0 0 0 1481742 528289 0 0 0 0 0 0 2318487 0 0 0 0 0 0 0 1753424 0 0 0 0 0 0 0 6198960 0 0 0 0 0 0 0 0 0 0 0 0 0 0 0 0 0 0 0 0 0 0 0 1744065 0 0 0 0 0 0 0 566589 0 0 0 0 0 0 0 566990 0 0 0 0 0 0 0 575848 0 0 0 0 0 0 0 825022 0 0 0 0 0 0 0 0 0 0 0 0 0 0 0 0 0 0 0 0 0 0 0 528291 0 0 0 0 0 0 0 528291 0 0 0 0 0 0 59129061 528291 0 0 0 0 0 0 0 528291 0 0 0 0 0 0 8 528291 0 0 0 0
ctxt 3146035657
btime 1322770566
processes 329759
procs_running 1
procs_blocked 0